PLTSOLVD=T
CRPIX1= 1.5045000000000000E+003
CRPIX2= 1.5045000000000000E+003
CRVAL1= 9.7979995658256613E+001
CRVAL2= 4.9499744879680758E+000
CDELT1=-5.8519862984770014E-004
CDELT2= 5.8554801165975603E-004
CROTA1= 1.5019530213389390E+002
CROTA2= 1.5016455027460580E+002
CD1_1= 5.0779130666676268E-004
CD1_2=-2.9131643915241594E-004
CD2_1=-2.9087011749110174E-004
CD2_2=-5.0793819135624225E-004
CMDLINE="C:\Program Files\astap\astap_cli.exe" -f "D:\Photos\Astro\ASIAIR\2026-04-19 NGC2244\NGC 2244 Satellite C\astro-process\aligned\Light_NGC 2244 Satellite C_180.0s_Bin1_533MC_gain100_20260420-213426_150deg_-10.0C_0001.tif" -o astro-process\reference.wcs -ra 97.98001232935 -speed slow
WARNING=Warning scale was inaccurate! Set FOV=1.76d, scale=2.1"
